Grid size x:       	4
Grid size y:       	4
Run time:       	599
Total cars through: 	300.0
Total wait time: 	43575.0
Throughput cars: 	0.5008347245409015
Throughput wait time: 	72.74624373956594
Wait time mean: 	145.25
Wait time variance: 	8.359495457661705
134
140
137
140
145
142
127
135
153
150
136
151
141
135
142
157
150
136
145
149
154
137
140
136
153
154
156
150
136
153
153
139
141
151
138
145
136
128
140
153
149
157
145
142
138
147
127
144
136
157
154
135
154
162
136
152
146
158
154
149
139
161
146
136
145
144
141
156
157
151
156
135
148
141
138
151
149
130
136
157
146
158
155
137
149
148
150
147
147
148
156
147
148
141
142
144
139
136
131
148
145
155
152
136
128
140
142
156
157
147
146
154
159
136
142
157
135
126
138
148
151
155
160
142
148
136
138
154
148
151
156
139
145
153
136
150
135
146
137
133
154
130
137
152
154
145
140
137
150
135
132
157
133
156
154
133
157
145
152
131
145
152
161
140
136
160
150
151
142
157
156
153
147
141
140
143
152
155
154
151
142
149
146
155
139
140
143
148
137
136
148
139
136
153
141
149
157
151
129
154
140
143
158
154
145
137
153
136
151
126
150
135
147
156
138
142
144
133
139
141
158
130
131
149
157
145
151
148
150
136
147
154
147
144
154
146
145
155
155
154
152
146
143
148
139
144
130
150
147
157
136
144
151
138
159
147
147
153
144
141
143
155
133
146
143
141
135
140
155
139
128
143
137
158
140
154
135
153
152
141
152
146
136
137
155
143
139
145
126
157
133
148
159
138
140
149
133
140
142
158
